 0  0     4
 0  1     4
 0  2     4
 0  3     7
 0  4     4
 0  5     0
 0  6     0
 0  7     1
 0  8     3
 0  9     2
 0 10     0
 0 11     2
 0 12     1
 0 13     1
 0 14     1
 0 15     1
 0 16     1
 0 17     0
 0 18     0
 0 19     1
 0 20     0
 0 21     0
 0 22     0
 0 23     1
 0 24     2
 0 25     5
 0 26     1
 0 27     3
 0 28     0
 0 29     1
 0 30     0
 0 31     3
 0 32     4
 0 33     4
 0 34     9
 0 35     0
 1  0     2
 1  1     8
 1  2    11
 1  3    10
 1  4     1
 1  5     3
 1  6     0
 1  7     3
 1  8     0
 1  9     1
 1 10     1
 1 11     0
 1 12     0
 1 13     1
 1 14     1
 1 15     0
 1 16     0
 1 17     1
 1 18     1
 1 19     0
 1 20     0
 1 21     0
 1 22     0
 1 23     1
 1 24     0
 1 25     3
 1 26     3
 1 27     2
 1 28     0
 1 29     1
 1 30     1
 1 31     1
 1 32     4
 1 33     2
 1 34     6
 1 35     1
 2  0     3
 2  1     9
 2  2    18
 2  3     7
 2  4     5
 2  5     1
 2  6     1
 2  7     1
 2  8     1
 2  9     5
 2 10     4
 2 11     3
 2 12     1
 2 13     3
 2 14     1
 2 15     1
 2 16     0
 2 17     0
 2 18     0
 2 19     0
 2 20     0
 2 21     1
 2 22     1
 2 23     1
 2 24     0
 2 25     1
 2 26     2
 2 27     3
 2 28     2
 2 29     2
 2 30     5
 2 31     0
 2 32     4
 2 33     0
 2 34     2
 2 35     1
 3  0     2
 3  1     9
 3  2    11
 3  3     5
 3  4     4
 3  5     2
 3  6     2
 3  7     1
 3  8     1
 3  9     5
 3 10     1
 3 11     1
 3 12     1
 3 13     2
 3 14     1
 3 15     0
 3 16     0
 3 17     0
 3 18     0
 3 19     0
 3 20     0
 3 21     1
 3 22     1
 3 23     1
 3 24     3
 3 25     1
 3 26     1
 3 27     1
 3 28     1
 3 29     3
 3 30     1
 3 31     4
 3 32     1
 3 33     0
 3 34     0
 3 35     0
 4  0     0
 4  1     2
 4  2     4
 4  3     0
 4  4     2
 4  5     1
 4  6     1
 4  7     3
 4  8     3
 4  9     3
 4 10     4
 4 11     5
 4 12     4
 4 13     1
 4 14     2
 4 15     0
 4 16     0
 4 17     0
 4 18     0
 4 19     0
 4 20     0
 4 21     1
 4 22     2
 4 23     1
 4 24     0
 4 25     3
 4 26     2
 4 27     1
 4 28     5
 4 29     1
 4 30     3
 4 31     1
 4 32     1
 4 33     0
 4 34     0
 4 35     0
 5  0     0
 5  1     0
 5  2     0
 5  3     3
 5  4     1
 5  5     1
 5  6     3
 5  7     0
 5  8     2
 5  9     0
 5 10     5
 5 11     2
 5 12     0
 5 13     2
 5 14     2
 5 15     1
 5 16     0
 5 17     0
 5 18     0
 5 19     1
 5 20     0
 5 21     2
 5 22     2
 5 23     2
 5 24     2
 5 25     1
 5 26     4
 5 27     1
 5 28     0
 5 29     3
 5 30     0
 5 31     3
 5 32     3
 5 33     0
 5 34     0
 5 35     0
 6  0     0
 6  1     0
 6  2     0
 6  3     0
 6  4     2
 6  5     2
 6  6     2
 6  7     0
 6  8     2
 6  9     3
 6 10     2
 6 11     3
 6 12     2
 6 13     2
 6 14     0
 6 15     2
 6 16     0
 6 17     0
 6 18     0
 6 19     0
 6 20     1
 6 21     2
 6 22     1
 6 23     1
 6 24     1
 6 25     0
 6 26     0
 6 27     2
 6 28     1
 6 29     2
 6 30     2
 6 31     1
 6 32     3
 6 33     1
 6 34     1
 6 35     0
 7  0     0
 7  1     0
 7  2     1
 7  3     2
 7  4     3
 7  5     1
 7  6     1
 7  7     0
 7  8     4
 7  9     3
 7 10     1
 7 11     1
 7 12     1
 7 13     2
 7 14     2
 7 15     0
 7 16     0
 7 17     0
 7 18     0
 7 19     2
 7 20     1
 7 21     0
 7 22     2
 7 23     3
 7 24     2
 7 25     3
 7 26     2
 7 27     1
 7 28     3
 7 29     6
 7 30     2
 7 31     3
 7 32     4
 7 33     1
 7 34     0
 7 35     0
 8  0     0
 8  1     0
 8  2     1
 8  3     1
 8  4     3
 8  5     0
 8  6     1
 8  7     3
 8  8     1
 8  9     2
 8 10     0
 8 11     1
 8 12     2
 8 13     1
 8 14     2
 8 15     0
 8 16     0
 8 17     0
 8 18     0
 8 19     0
 8 20     5
 8 21     1
 8 22     2
 8 23     0
 8 24     1
 8 25     2
 8 26     3
 8 27     1
 8 28     2
 8 29     4
 8 30     4
 8 31     4
 8 32     1
 8 33     0
 8 34     0
 8 35     0
 9  0     0
 9  1     0
 9  2     0
 9  3     3
 9  4     2
 9  5     1
 9  6     2
 9  7     0
 9  8     4
 9  9     1
 9 10     1
 9 11     1
 9 12     1
 9 13     2
 9 14     5
 9 15     1
 9 16     0
 9 17     0
 9 18     0
 9 19     0
 9 20     4
 9 21     4
 9 22     2
 9 23     2
 9 24     2
 9 25     1
 9 26     3
 9 27     7
 9 28     3
 9 29     0
 9 30     3
 9 31     2
 9 32     3
 9 33     0
 9 34     0
 9 35     0
10  0     0
10  1     0
10  2     0
10  3     1
10  4     2
10  5     1
10  6     0
10  7     0
10  8     2
10  9     3
10 10     4
10 11     0
10 12     8
10 13     5
10 14     4
10 15     5
10 16     1
10 17     0
10 18     0
10 19     2
10 20     6
10 21     2
10 22     4
10 23     4
10 24     1
10 25     3
10 26     2
10 27     5
10 28     5
10 29     5
10 30     8
10 31     3
10 32     2
10 33     0
10 34     0
10 35     1
11  0     0
11  1     2
11  2     1
11  3     3
11  4     1
11  5     1
11  6     0
11  7     6
11  8     8
11  9     9
11 10     6
11 11     5
11 12     5
11 13    10
11 14     4
11 15     5
11 16     2
11 17     0
11 18     0
11 19     4
11 20    14
11 21     0
11 22     9
11 23     2
11 24     3
11 25     0
11 26     5
11 27     4
11 28     4
11 29     6
11 30    10
11 31     6
11 32     7
11 33     3
11 34     1
11 35     0
12  0     0
12  1     1
12  2     4
12  3     1
12  4     2
12  5     2
12  6     4
12  7     3
12  8     6
12  9     8
12 10     4
12 11     7
12 12    13
12 13     9
12 14     6
12 15     7
12 16     2
12 17     0
12 18     0
12 19    11
12 20    17
12 21     7
12 22     3
12 23    10
12 24     7
12 25     3
12 26    10
12 27     1
12 28     4
12 29     3
12 30    16
12 31    25
12 32    16
12 33     5
12 34     0
12 35     0
13  0     0
13  1     1
13  2     2
13  3    13
13  4     5
13  5     6
13  6     6
13  7    12
13  8    10
13  9     8
13 10     8
13 11    18
13 12    17
13 13    21
13 14    15
13 15     6
13 16     1
13 17     0
13 18     1
13 19     9
13 20    29
13 21     6
13 22    13
13 23     9
13 24     6
13 25     5
13 26    14
13 27    11
13 28     9
13 29    10
13 30    17
13 31    28
13 32    31
13 33     7
13 34     0
13 35     0
14  0     0
14  1     4
14  2     9
14  3     9
14  4    11
14  5     6
14  6     2
14  7     7
14  8    10
14  9    10
14 10    19
14 11    22
14 12    40
14 13    33
14 14    25
14 15    14
14 16     4
14 17     0
14 18     1
14 19    34
14 20    63
14 21    18
14 22    10
14 23     9
14 24    11
14 25    17
14 26    16
14 27    11
14 28    13
14 29    15
14 30    30
14 31    43
14 32    24
14 33    10
14 34     1
14 35     0
15  0     0
15  1     3
15  2    11
15  3    15
15  4     8
15  5    13
15  6    15
15  7    11
15  8    13
15  9    16
15 10    26
15 11    40
15 12    61
15 13    47
15 14    29
15 15    25
15 16    10
15 17     0
15 18     2
15 19    53
15 20    66
15 21    35
15 22    15
15 23    17
15 24    21
15 25    23
15 26    18
15 27    13
15 28    24
15 29    24
15 30    49
15 31    59
15 32    33
15 33     4
15 34     4
15 35     0
16  0     0
16  1    11
16  2    40
16  3    30
16  4    24
16  5    18
16  6     9
16  7    13
16  8    28
16  9    28
16 10    34
16 11    47
16 12    67
16 13    69
16 14    45
16 15    28
16 16    13
16 17     1
16 18     3
16 19    42
16 20    66
16 21    53
16 22    32
16 23    23
16 24    23
16 25    33
16 26    24
16 27    18
16 28    29
16 29    38
16 30    73
16 31    78
16 32    58
16 33    10
16 34    10
16 35     0
17  0     0
17  1    18
17  2    37
17  3    40
17  4    32
17  5    20
17  6    20
17  7    20
17  8    17
17  9    25
17 10    45
17 11    62
17 12    68
17 13    73
17 14    46
17 15    24
17 16     6
17 17     2
17 18     3
17 19    31
17 20    80
17 21    49
17 22    39
17 23    36
17 24    43
17 25    38
17 26    18
17 27    42
17 28    30
17 29    42
17 30    57
17 31    74
17 32    43
17 33    30
17 34     2
17 35     2
18  0     3
18  1    15
18  2    35
18  3    28
18  4    27
18  5    16
18  6    13
18  7    13
18  8    16
18  9    25
18 10    42
18 11    58
18 12    78
18 13    77
18 14    59
18 15    31
18 16    21
18 17     2
18 18     4
18 19    51
18 20    76
18 21    59
18 22    43
18 23    41
18 24    31
18 25    27
18 26    27
18 27    26
18 28    38
18 29    59
18 30    69
18 31    73
18 32    52
18 33    27
18 34     6
18 35     0
19  0     3
19  1    20
19  2    32
19  3    34
19  4    31
19  5    31
19  6    15
19  7    21
19  8    22
19  9    32
19 10    45
19 11    46
19 12    65
19 13    66
19 14    48
19 15    32
19 16    32
19 17     4
19 18     2
19 19    40
19 20    83
19 21    51
19 22    45
19 23    24
19 24    26
19 25    36
19 26    27
19 27    20
19 28    26
19 29    44
19 30    59
19 31    76
19 32    54
19 33    35
19 34    16
19 35     0
20  0     1
20  1    24
20  2    30
20  3    32
20  4    25
20  5    18
20  6    22
20  7    18
20  8    17
20  9    24
20 10    40
20 11    42
20 12    79
20 13    42
20 14    49
20 15    30
20 16    16
20 17     5
20 18     8
20 19    16
20 20    47
20 21    53
20 22    35
20 23    20
20 24    28
20 25    15
20 26    31
20 27    23
20 28    35
20 29    32
20 30    53
20 31    54
20 32    49
20 33    37
20 34    17
20 35     0
21  0     6
21  1    19
21  2    32
21  3    30
21  4    14
21  5    16
21  6    18
21  7    19
21  8    16
21  9    25
21 10    29
21 11    41
21 12    33
21 13    38
21 14    31
21 15    30
21 16    11
21 17     4
21 18     0
21 19    15
21 20    29
21 21    31
21 22    21
21 23    15
21 24    16
21 25    17
21 26    14
21 27    25
21 28    24
21 29    24
21 30    30
21 31    30
21 32    35
21 33    24
21 34    12
21 35     3
22  0     1
22  1     9
22  2    22
22  3    24
22  4    10
22  5    17
22  6     7
22  7    14
22  8    12
22  9    11
22 10    27
22 11    20
22 12    23
22 13    24
22 14    18
22 15    21
22 16     8
22 17     2
22 18     0
22 19    15
22 20    14
22 21    16
22 22    16
22 23     8
22 24     6
22 25     9
22 26     9
22 27    18
22 28    18
22 29    24
22 30    22
22 31    30
22 32    20
22 33    24
22 34    12
22 35     1
23  0     1
23  1     9
23  2    12
23  3    23
23  4    16
23  5    10
23  6     8
23  7    12
23  8     8
23  9    11
23 10    13
23 11    10
23 12     9
23 13    14
23 14     9
23 15     6
23 16     5
23 17     0
23 18     0
23 19     4
23 20    14
23 21    17
23 22    14
23 23     5
23 24    17
23 25     5
23 26     5
23 27    12
23 28    13
23 29     7
23 30    12
23 31    11
23 32     6
23 33    11
23 34     1
23 35     1
24  0     0
24  1     1
24  2    11
24  3     8
24  4    13
24  5     5
24  6     4
24  7     7
24  8     6
24  9     6
24 10     9
24 11     9
24 12    10
24 13    12
24 14     6
24 15     4
24 16     0
24 17     0
24 18     2
24 19     3
24 20     7
24 21     9
24 22     8
24 23     6
24 24     6
24 25     1
24 26     5
24 27     7
24 28     3
24 29     7
24 30     8
24 31    10
24 32     7
24 33     2
24 34     2
24 35     0
25  0     1
25  1     1
25  2     9
25  3     8
25  4     8
25  5     9
25  6     5
25  7     3
25  8     6
25  9     9
25 10    12
25 11    14
25 12     5
25 13     5
25 14     5
25 15     2
25 16     5
25 17     0
25 18     0
25 19     3
25 20     4
25 21     9
25 22     6
25 23     5
25 24     5
25 25     4
25 26     5
25 27     3
25 28     6
25 29     5
25 30     8
25 31     5
25 32     9
25 33     6
25 34     2
25 35     0
26  0     1
26  1     1
26  2     8
26  3    10
26  4    10
26  5     8
26  6     4
26  7     5
26  8     4
26  9     7
26 10    10
26 11     5
26 12     7
26 13     7
26 14     4
26 15     0
26 16     1
26 17     0
26 18     0
26 19     1
26 20     1
26 21     8
26 22     3
26 23     7
26 24     1
26 25     4
26 26     5
26 27     7
26 28     6
26 29     6
26 30     6
26 31     6
26 32     5
26 33     3
26 34     0
26 35     0
27  0     0
27  1     1
27  2     5
27  3    15
27  4    12
27  5     5
27  6     4
27  7     3
27  8     2
27  9     4
27 10     4
27 11     7
27 12     2
27 13     2
27 14     0
27 15     2
27 16     1
27 17     0
27 18     0
27 19     4
27 20     3
27 21     6
27 22     4
27 23     8
27 24     2
27 25     1
27 26     4
27 27     6
27 28     2
27 29     4
27 30     5
27 31     5
27 32     7
27 33     0
27 34     2
27 35     0
28  0     0
28  1     1
28  2     8
28  3    10
28  4     5
28  5     3
28  6     6
28  7     5
28  8     4
28  9     3
28 10     4
28 11     4
28 12     7
28 13     1
28 14     1
28 15     2
28 16     0
28 17     0
28 18     0
28 19     2
28 20     0
28 21     6
28 22    10
28 23     8
28 24     5
28 25     4
28 26     1
28 27     8
28 28     7
28 29     8
28 30     2
28 31     8
28 32     1
28 33     3
28 34     0
28 35     0
29  0     0
29  1     0
29  2     8
29  3    12
29  4     6
29  5     2
29  6     2
29  7     1
29  8     1
29  9     5
29 10     3
29 11     2
29 12     9
29 13     2
29 14     2
29 15     1
29 16     1
29 17     0
29 18     0
29 19     1
29 20     4
29 21     8
29 22     4
29 23     7
29 24     5
29 25     5
29 26     5
29 27     4
29 28     6
29 29     3
29 30     9
29 31     3
29 32     3
29 33     0
29 34     2
29 35     0
